1 10 14
2 1 0
3 1 38
4 1 92
5 3 111
6 4 112
7 2 56
8 3 60
9 2 46
10 6 81
11 8 16
4 10 113
10 11 74
2 10 77
3 9 108
2 9 42
3 1 69
4 1 24
5 3 17
6 3 71
7 1 106
8 4 50
9 7 57
10 5 120
11 6 19
1 2 31
8 9 98
7 11 85
2 9 65
3 10 15
9 1 86
2 6 34
8 5 91
3 4 18
6 9 103
8 6 111
7 2 84
7 10 94
9 5 116
6 7 64
7 3 57
10 6 50
4 5 119
9 3 101
4 6 92
11 10 74
5 2 80
11 8 69
5 1 12
11 4 69
7 8 9
9 10 44
11 5 35
8 1 109
2 3 69
1 11 91
4 9 77
6 1 5
3 8 40
4 1 112
5 1 2
6 3 106
7 1 37
8 1 79
9 1 33
10 1 119
11 9 25
1 2 109
5 8 76
10 3 17
5 10 108
8 2 20
9 2 106
4 3 22
3 9 116
10 8 20
4 7 103
7 9 77
4 5 1
9 10 32
6 7 57
8 6 96
7 3 87
7 5 8
11 7 58
5 2 104
4 9 55
1 11 50
2 4 38
2 10 90
8 4 88
1 3 84
3 2 107
6 5 40
2 7 56
10 4 63
8 7 51
9 5 91
4 6 37
4 7 53
5 1 51
6 2 5
7 4 110
8 6 102
9 2 46
10 4 30
11 7 83
1 2 86
4 6 77
9 3 112
11 10 27
7 3 23
7 5 76
3 5 82
4 5 78
5 2 3
2 8 38
8 9 3
9 4 112
3 1 14
8 7 81
8 3 87
1 11 54
5 6 8
6 7 104
8 5 12
9 10 18
8 10 61
6 10 43
7 1 36
8 4 111
10 5 108
10 3 81
6 9 119
6 1 87
2 11 119
4 1 44
3 6 75
5 9 46
10 2 81
2 3 4
8 11 7
10 1 31
4 3 49
8 1 104
4 11 111
4 2 109
9 1 77
7 10 57
11 3 25
7 9 7
6 11 61
7 2 1
0
